145889
145899
146677
146678
146679
146688
146689
146699
146778
146779
146788
146799
146889
146899
147788
147789
147799
147889
147899
148899
155566
155577
155588
155599
155667
155668
155669
155677
155678
155679
155688
155689
155699
155778
155779
155788
155789
155799
155889
155899
156677
156678
156679
156688
156689
156699
156778
156779
156788
156799
156889
156899
157788
157789
157799
157889
157899
158899
166677
166688
166699
166778
166779
166788
166789
166799
166889
166899
167788
167789
167799
167889
167899
168899
177788
177799
177889
177899
178899
188899
222233
222244
222255
222266
222277
222288
222299
222334
222335
222336
222337
222338
222339
222344
222355
222366
222377
222388
222399
222445
222446
222447
222448
222449
222455
222466
222477
222488
222499
222556
222557
222558
222559
222566
222577
222588
222599
222667
222668
222669
222677
222688
222699
222778
222779
222788
222799
222889
222899
223344
223345
223346
223347
223348
223349
223355
223356
223357
223358
223359
223366
223367
223368
223369
223377
223378
223379
223388
223389
223399
223445
223446
223447
223448
223449
223455
223456
223457
223458
223459
223466
223467
223468
223469
223477
223478
223479
223488
223489
223499
223556
223557
223558
223559
223566
223567
223568
223569
223577
223578
223579
223588
223589
223599
223667
223668
223669
223677
223678
223679
223688
223689
223699
223778
223779
223788
223789
223799
223889
223899
224455
224456
224457
224458
224459
224466
224467
224468
224469
224477
224478
224479
224488
224489
224499
224556
224557
224558
224559
224566
224567
224568
224569
224577
224578
224579
224588
224589
224599
224667
224668
224669
224677
224678
224679
224688
224689
224699
224778
224779
224788
224789
224799
224889
224899
225566
225567
225568
225569
225577
225578
225579
225588
225589
225599
225667
225668
225669
225677
225678
225679
225688
225689
225699
225778
225779
225788
225789
225799
225889
225899
226677
226678
226679
226688
226689
226699
226778
226779
226788
226789
226799
226889
226899
227788
227789
227799
227889
227899
228899
233344
233355
233366
233377
233388
233399
233445
233446
233447
233448
233449
233455
233456
233457
233458
233459
233466
233467
233468
233469
233477
233478
233479
233488
233489
233499
233556
233557
233558
233559
233566
233567
233568
233569
233577
233578
233579
233588
233589
233599
233667
233668
233669
233677
233678
233679
233688
233689
233699
233778
233779
233788
233789
233799
233889
233899
234455
234456
234457
234458
234459
234466
234467
234468
234469
234477
234478
234479
234488
234489
234499
234556
234557
234558
234559
234566
234577
234588
234599
234667
234668
234669
234677
234688
234699
234778
234779
234788
234799
234889
234899
235566
235567
235568
235569
235577
235578
235579
235588
235589
235599
235667
235668
235669
235677
235688
235699
235778
235779
235788
235799
235889
235899
236677
236678
236679
236688
236689
236699
236778
236779
236788
236799
236889
236899
237788
237789
237799
237889
237899
238899
244455
244466
244477
244488
244499
244556
244557
244558
244559
244566
244567
244568
244569
244577
244578
244579
244588
244589
244599
244667
244668
244669
244677
244678
244679
244688
244689
244699
244778
244779
244788
244789
244799
244889
244899
245566
245567
245568
245569
245577
245578
245579
245588
245589
245599
245667
245668
245669
245677
245688
245699
245778
245779
245788
245799
245889
245899
246677
246678
246679
246688
246689
246699
246778
246779
246788
246799
246889
246899
247788
247789
247799
247889
247899
248899
255566
255577
255588
255599
255667
255668
255669
255677
255678
255679
255688
255689
255699
255778
255779
255788
255789
255799
255889
255899
256677
256678
256679
256688
256689
256699
256778
256779
256788
256799
256889
256899
257788
257789
257799
257889
257899
258899
266677
266688
266699
266778
266779
266788
266789
266799
266889
266899
267788
267789
267799
267889
267899
268899
277788
277799
277889
277899
278899
288899
333344
333355
333366
333377
333388
333399
333445
333446
333447
333448
333449
333455
333466
333477
333488
333499
333556
333557
333558
333559
333566
333577
333588
333599
333667
333668
333669
333677
333688
333699
333778
333779
333788
333799
333889
333899
334455
334456
334457
334458
334459
334466
334467
334468
334469
334477
334478
334479
334488
334489
334499
334556
334557
334558
334559
334566
334567
334568
334569
334577
334578
334579
334588
334589
334599
334667
334668
334669
334677
334678
334679
334688
334689
334699
334778
334779
334788
334789
334799
334889
334899
335566
335567
335568
335569
335577
335578
335579
335588
335589
335599
335667
335668
335669
335677
335678
335679
335688
335689
335699
335778
335779
335788
335789
335799
335889
335899
336677
336678
336679
336688
336689
336699
336778
336779
336788
336789
336799
336889
336899
337788
337789
337799
337889
337899
338899
344455
344466
344477
344488
344499
344556
344557
344558
344559
344566
344567
344568
344569
344577
344578
344579
344588
344589
344599
344667
344668
344669
344677
344678
344679
344688
344689
344699
344778
344779
344788
344789
344799
344889
344899
345566
345567
345568
345569
345577
345578
345579
345588
345589
345599
345667
345668
345669
345677
345688
345699
345778
345779
345788
345799
345889
345899
346677
346678
346679
346688
346689
346699
346778
346779
346788
346799
346889
346899
347788
347789
347799
347889
347899
348899
355566
355577
355588
355599
355667
355668
355669
355677
355678
355679
355688
355689
355699
355778
355779
355788
355789
355799
355889
355899
356677
356678
356679
356688
356689
356699
356778
356779
356788
356799
356889
356899
357788
357789
357799
357889
357899
358899
366677
366688
366699
366778
366779
366788
366789
366799
366889
366899
367788
367789
367799
367889
367899
368899
377788
377799
377889
377899
378899
388899
444455
444466
444477
444488
444499
444556
444557
444558
444559
444566
444577
444588
444599
444667
444668
444669
444677
444688
444699
444778
444779
444788
444799
444889
444899
445566
445567
445568
445569
445577
445578
445579
445588
445589
445599
445667
445668
445669
445677
445678
445679
445688
445689
445699
445778
445779
445788
445789
445799
445889
445899
446677
446678
446679
446688
446689
446699
446778
446779
446788
446789
446799
446889
446899
447788
447789
447799
447889
447899
448899
455566
455577
455588
455599
455667
455668
455669
455677
455678
455679
455688
455689
455699
455778
455779
455788
455789
455799
455889
455899
456677
456678
456679
456688
456689
456699
456778
456779
456788
456799
456889
456899
457788
457789
457799
457889
457899
458899
466677
466688
466699
466778
466779
466788
466789
466799
466889
466899
467788
467789
467799
467889
467899
468899
477788
477799
477889
477899
478899
488899
555566
555577
555588
555599
555667
555668
555669
555677
555688
555699
555778
555779
555788
555799
555889
555899
556677
556678
556679
556688
556689
556699
556778
556779
556788
556789
556799
556889
556899
557788
557789
557799
557889
557899
558899
566677
566688
566699
566778
566779
566788
566789
566799
566889
566899
567788
567789
567799
567889
567899
568899
577788
577799
577889
577899
578899
588899
